N K Runtime
10000000 1 0.013060
10000000 1 0.013653
10000000 1 0.013035
10000000 1 0.013124
10000000 1 0.013081
10000000 1 0.013081
10000000 1 0.013047
10000000 1 0.013050
10000000 1 0.013073
10000000 1 0.013041
10000000 2 0.007179
10000000 2 0.007036
10000000 2 0.006864
10000000 2 0.006795
10000000 2 0.006764
10000000 2 0.006813
10000000 2 0.006930
10000000 2 0.006883
10000000 2 0.006799
10000000 2 0.007159
10000000 4 0.003602
10000000 4 0.004133
10000000 4 0.003561
10000000 4 0.004854
10000000 4 0.003713
10000000 4 0.003740
10000000 4 0.003588
10000000 4 0.003632
10000000 4 0.003583
10000000 4 0.003662
10000000 8 0.003403
10000000 8 0.003381
10000000 8 0.003262
10000000 8 0.003773
10000000 8 0.003300
10000000 8 0.003348
10000000 8 0.003228
10000000 8 0.003246
10000000 8 0.003501
10000000 8 0.003187
10000000 16 0.004398
10000000 16 0.003966
10000000 16 0.004508
10000000 16 0.003529
10000000 16 0.003530
10000000 16 0.004130
10000000 16 0.004130
10000000 16 0.004952
10000000 16 0.003940
10000000 16 0.004457
10000000 32 0.003151
10000000 32 0.004020
10000000 32 0.003350
10000000 32 0.003143
10000000 32 0.003373
10000000 32 0.003148
10000000 32 0.003404
10000000 32 0.003107
10000000 32 0.003189
10000000 32 0.003370
10000000 64 0.005191
10000000 64 0.003469
10000000 64 0.003533
10000000 64 0.003760
10000000 64 0.003687
10000000 64 0.004679
10000000 64 0.003475
10000000 64 0.003534
10000000 64 0.003721
10000000 64 0.003465
10000000 128 0.005509
10000000 128 0.005407
10000000 128 0.007725
10000000 128 0.006486
10000000 128 0.005762
10000000 128 0.006698
10000000 128 0.005401
10000000 128 0.005934
10000000 128 0.006763
10000000 128 0.006625
10000000 256 0.014060
10000000 256 0.013606
10000000 256 0.017254
10000000 256 0.012968
10000000 256 0.015327
10000000 256 0.012344
10000000 256 0.013775
10000000 256 0.014709
10000000 256 0.012863
10000000 256 0.012265
