N K Runtime
1000000000 1 1.330972
1000000000 1 1.328883
1000000000 1 1.351756
1000000000 1 1.328404
1000000000 1 1.336618
1000000000 1 1.352802
1000000000 1 1.356575
1000000000 1 1.362112
1000000000 1 1.339106
1000000000 1 1.331078
1000000000 2 0.738568
1000000000 2 0.690919
1000000000 2 0.686788
1000000000 2 0.721519
1000000000 2 0.692001
1000000000 2 0.689331
1000000000 2 0.726523
1000000000 2 0.690378
1000000000 2 0.687456
1000000000 2 0.732940
1000000000 4 0.361298
1000000000 4 0.422055
1000000000 4 0.362548
1000000000 4 0.362424
1000000000 4 0.361730
1000000000 4 0.364325
1000000000 4 0.428925
1000000000 4 0.357843
1000000000 4 0.359643
1000000000 4 0.362917
1000000000 8 0.278195
1000000000 8 0.271030
1000000000 8 0.278683
1000000000 8 0.277536
1000000000 8 0.273985
1000000000 8 0.272064
1000000000 8 0.272217
1000000000 8 0.281814
1000000000 8 0.272284
1000000000 8 0.334947
1000000000 16 0.295466
1000000000 16 0.287874
1000000000 16 0.318135
1000000000 16 0.296719
1000000000 16 0.292286
1000000000 16 0.290192
1000000000 16 0.304709
1000000000 16 0.286996
1000000000 16 0.293573
1000000000 16 0.297469
1000000000 32 0.276505
1000000000 32 0.274701
1000000000 32 0.279364
1000000000 32 0.295140
1000000000 32 0.287041
1000000000 32 0.345084
1000000000 32 0.279261
1000000000 32 0.275037
1000000000 32 0.274162
1000000000 32 0.306722
1000000000 64 0.288638
1000000000 64 0.289117
1000000000 64 0.324804
1000000000 64 0.275471
1000000000 64 0.310651
1000000000 64 0.282756
1000000000 64 0.273583
1000000000 64 0.285384
1000000000 64 0.296868
1000000000 64 0.300674
1000000000 128 0.281620
1000000000 128 0.274824
1000000000 128 0.291388
1000000000 128 0.283809
1000000000 128 0.283285
1000000000 128 0.285076
1000000000 128 0.288227
1000000000 128 0.281561
1000000000 128 0.284055
1000000000 128 0.291256
1000000000 256 0.316535
1000000000 256 0.285762
1000000000 256 0.290849
1000000000 256 0.292219
1000000000 256 0.285793
1000000000 256 0.279452
1000000000 256 0.307048
1000000000 256 0.274896
1000000000 256 0.274065
1000000000 256 0.344035
