N Np Nc Runtime
1 1 1 37.225643
1 1 1 36.179066
1 1 1 36.158741
1 1 1 36.868624
1 1 1 36.879134
1 1 1 37.066859
1 1 1 36.123379
1 1 1 38.574059
1 1 1 38.572231
1 1 1 39.341211
1 1 2 39.515437
1 1 2 39.087738
1 1 2 39.339281
1 1 2 38.835308
1 1 2 39.960847
1 1 2 39.004615
1 1 2 37.481610
1 1 2 38.812143
1 1 2 40.375499
1 1 2 38.145713
1 1 4 39.454861
1 1 4 38.513776
1 1 4 38.887040
1 1 4 39.165866
1 1 4 39.678543
1 1 4 39.087869
1 1 4 38.083557
1 1 4 38.824448
1 1 4 38.135832
1 1 4 37.932000
1 1 8 38.764633
1 1 8 39.508890
1 1 8 40.160635
1 1 8 38.835483
1 1 8 38.513805
1 1 8 38.990976
1 1 8 39.491016
1 1 8 38.401791
1 1 8 38.888497
1 1 8 39.424259
1 2 1 38.898949
1 2 1 37.880737
1 2 1 39.134753
1 2 1 38.059406
1 2 1 37.871973
1 2 1 38.288342
1 2 1 39.541171
1 2 1 37.873329
1 2 1 38.295544
1 2 1 38.117322
1 4 1 37.608167
1 4 1 38.240255
1 4 1 38.001027
1 4 1 37.658741
1 4 1 38.077505
1 4 1 38.429051
1 4 1 38.533055
1 4 1 37.745885
1 4 1 38.479963
1 4 1 38.124937
1 8 1 38.702019
1 8 1 37.717974
1 8 1 38.050040
1 8 1 37.843004
1 8 1 37.349466
1 8 1 38.362755
1 8 1 39.446042
1 8 1 39.210430
1 8 1 38.321869
1 8 1 38.070918
10 1 1 36.814772
10 1 1 37.322868
10 1 1 36.738875
10 1 1 37.240741
10 1 1 36.275072
10 1 1 37.844091
10 1 1 37.236603
10 1 1 37.854024
10 1 1 36.855423
10 1 1 37.448815
10 1 2 37.219069
10 1 2 37.488915
10 1 2 37.229117
10 1 2 38.602635
10 1 2 38.050932
10 1 2 37.550193
10 1 2 36.962542
10 1 2 37.911011
10 1 2 37.922593
10 1 2 36.818460
10 1 4 38.683616
10 1 4 37.612179
10 1 4 37.698153
10 1 4 37.683180
10 1 4 38.167000
10 1 4 37.754560
10 1 4 37.135821
10 1 4 37.965712
10 1 4 37.313965
10 1 4 37.317985
10 1 8 40.686697
10 1 8 39.417920
10 1 8 39.785462
10 1 8 39.165536
10 1 8 39.158662
10 1 8 38.931064
10 1 8 39.439128
10 1 8 40.305589
10 1 8 39.242033
10 1 8 39.418338
10 2 1 36.013356
10 2 1 36.998960
10 2 1 37.162209
10 2 1 36.433511
10 2 1 37.686612
10 2 1 35.547760
10 2 1 37.150780
10 2 1 36.954245
10 2 1 37.211266
10 2 1 36.984335
10 4 1 37.535944
10 4 1 37.923124
10 4 1 38.028898
10 4 1 37.419507
10 4 1 39.607694
10 4 1 38.999623
10 4 1 37.238030
10 4 1 38.286431
10 4 1 37.745677
10 4 1 37.851240
10 8 1 37.476483
10 8 1 38.293591
10 8 1 39.149003
10 8 1 38.793837
10 8 1 39.707941
10 8 1 39.133669
10 8 1 39.214956
10 8 1 37.401763
10 8 1 36.751421
10 8 1 38.035291
100 1 1 36.435468
100 1 1 37.912156
100 1 1 36.339095
100 1 1 37.940191
100 1 1 36.146786
100 1 1 35.529651
100 1 1 36.959079
100 1 1 36.434781
100 1 1 37.186016
100 1 1 35.615008
100 1 2 36.713308
100 1 2 37.300118
100 1 2 37.177515
100 1 2 37.068654
100 1 2 36.845814
100 1 2 36.349416
100 1 2 37.084557
100 1 2 37.000110
100 1 2 36.597260
100 1 2 37.109198
100 1 4 36.693378
100 1 4 35.447575
100 1 4 36.659449
100 1 4 37.014995
100 1 4 36.543198
100 1 4 37.376264
100 1 4 37.404257
100 1 4 37.119691
100 1 4 37.046991
100 1 4 36.850585
100 1 8 38.365330
100 1 8 38.484517
100 1 8 38.908431
100 1 8 38.586791
100 1 8 38.428329
100 1 8 37.805975
100 1 8 38.924031
100 1 8 39.205019
100 1 8 38.464138
100 1 8 38.852514
100 2 1 37.529469
100 2 1 36.096311
100 2 1 36.316502
100 2 1 35.794632
100 2 1 36.663982
100 2 1 36.330335
100 2 1 35.085325
100 2 1 35.948872
100 2 1 36.829270
100 2 1 35.844812
100 4 1 35.739122
100 4 1 35.987318
100 4 1 36.881884
100 4 1 36.071540
100 4 1 35.717721
100 4 1 35.807497
100 4 1 34.946851
100 4 1 36.164203
100 4 1 35.948627
100 4 1 36.492091
100 8 1 37.171116
100 8 1 35.280577
100 8 1 35.725009
100 8 1 36.484357
100 8 1 35.793838
100 8 1 35.658190
100 8 1 36.656209
100 8 1 36.719921
100 8 1 37.636386
100 8 1 37.195227
1000 1 1 36.712465
1000 1 1 37.382055
1000 1 1 36.757438
1000 1 1 35.099805
1000 1 1 36.412286
1000 1 1 37.206095
1000 1 1 36.626377
1000 1 1 35.562918
1000 1 1 37.607507
1000 1 1 36.507083
1000 1 2 37.645224
1000 1 2 36.280716
1000 1 2 36.155346
1000 1 2 37.332732
1000 1 2 37.281275
1000 1 2 38.402645
1000 1 2 36.818947
1000 1 2 37.886317
1000 1 2 36.279636
1000 1 2 37.515935
1000 1 4 38.119827
1000 1 4 37.100759
1000 1 4 38.010916
1000 1 4 37.292691
1000 1 4 36.947481
1000 1 4 37.205672
1000 1 4 38.190401
1000 1 4 37.770813
1000 1 4 37.091584
1000 1 4 35.886270
1000 1 8 38.758030
1000 1 8 39.008340
1000 1 8 38.397813
1000 1 8 38.274600
1000 1 8 38.689883
1000 1 8 38.749759
1000 1 8 37.913859
1000 1 8 38.102999
1000 1 8 39.089787
1000 1 8 38.353502
1000 2 1 36.104442
1000 2 1 37.066743
1000 2 1 37.915852
1000 2 1 36.491974
1000 2 1 36.650951
1000 2 1 36.152537
1000 2 1 38.173517
1000 2 1 36.370664
1000 2 1 36.807436
1000 2 1 36.964695
1000 4 1 37.865172
1000 4 1 36.800137
1000 4 1 36.545746
1000 4 1 37.157859
1000 4 1 36.107543
1000 4 1 35.883285
1000 4 1 37.193345
1000 4 1 37.532010
1000 4 1 36.770005
1000 4 1 36.903891
1000 8 1 36.089426
1000 8 1 37.387118
1000 8 1 36.901909
1000 8 1 37.070468
1000 8 1 37.778867
1000 8 1 37.369604
1000 8 1 37.281395
1000 8 1 36.184280
1000 8 1 37.589923
1000 8 1 37.017830
1 1 1 38.044534
1 1 1 37.088851
1 1 1 37.789996
1 1 1 36.294559
1 1 1 36.740198
1 1 1 36.269993
1 1 1 37.199487
1 1 1 36.991425
1 1 1 37.134550
1 1 1 37.321627
1 1 2 38.231886
1 1 2 38.204836
1 1 2 38.449978
1 1 2 38.276872
1 1 2 37.762286
1 1 2 37.554501
1 1 2 38.081613
1 1 2 38.007775
1 1 2 38.431226
1 1 2 36.477667
1 1 4 38.401256
1 1 4 37.826313
1 1 4 37.222014
1 1 4 39.543231
1 1 4 38.407124
1 1 4 38.402037
1 1 4 37.610130
1 1 4 38.068239
1 1 4 38.400026
1 1 4 38.544324
1 1 8 37.248817
1 1 8 38.662170
1 1 8 37.886674
1 1 8 38.490469
1 1 8 37.865156
1 1 8 37.007420
1 1 8 39.484503
1 1 8 38.148023
1 1 8 37.594240
1 1 8 37.930562
1 2 1 38.113533
1 2 1 38.602788
1 2 1 37.509634
1 2 1 38.392943
1 2 1 37.935671
1 1 1 37.704140
1 1 1 38.050656
1 1 1 37.360584
1 1 1 41.487369
1 1 1 39.178232
1 1 1 38.420235
1 1 1 38.182821
1 1 1 37.289132
1 1 1 38.540896
1 1 1 38.045813
1 1 2 38.657170
1 1 2 38.536232
1 1 2 37.894708
1 1 2 37.970025
1 1 2 37.900336
1 1 2 37.291415
1 1 2 38.081103
1 1 2 38.600967
1 1 2 38.163636
1 1 2 37.553533
1 1 4 37.969266
1 1 4 37.198587
1 1 4 38.531514
1 1 4 38.368049
1 1 4 37.797882
1 1 4 40.777876
1 1 4 39.171699
1 1 4 38.984665
1 1 4 38.832847
1 1 4 39.188024
1 1 8 39.479086
1 1 8 38.762752
1 1 8 38.612947
1 1 8 38.384623
1 1 8 38.640453
1 1 8 38.598268
1 1 8 39.160177
1 1 8 37.489815
1 1 8 38.839369
1 1 8 38.151561
1 2 1 37.637623
1 2 1 37.621901
1 2 1 38.224148
1 2 1 37.341693
1 2 1 37.875103
1 2 1 36.707794
1 2 1 39.638608
1 2 1 37.514756
1 2 1 38.249720
1 2 1 37.434228
1 4 1 37.041020
1 4 1 39.087024
1 4 1 37.407563
1 4 1 37.948802
1 4 1 37.223573
1 4 1 37.399634
1 4 1 38.465889
1 4 1 37.757200
1 4 1 37.759988
1 4 1 37.992498
1 8 1 38.414601
1 8 1 37.322206
1 8 1 38.283121
1 8 1 38.591873
1 8 1 38.444887
1 8 1 37.672998
1 8 1 38.299724
1 8 1 37.862498
1 8 1 38.377880
1 8 1 38.074998
10 1 1 35.600381
10 1 1 36.030466
10 1 1 36.018561
10 1 1 35.585293
10 1 1 36.140258
10 1 1 36.623954
10 1 1 35.999073
10 1 1 36.982649
10 1 1 36.694126
10 1 1 36.653213
10 1 2 36.264446
10 1 2 36.067805
10 1 2 36.307377
10 1 2 36.001253
10 1 2 35.847995
10 1 2 36.323897
10 1 2 36.201150
10 1 2 36.533635
10 1 2 35.958201
10 1 2 36.793866
10 1 4 36.813223
10 1 4 38.215727
10 1 4 37.627547
10 1 4 38.673556
10 1 4 39.302955
10 1 4 37.275007
10 1 4 37.547794
10 1 4 37.187549
10 1 4 36.672090
10 1 4 37.408495
10 1 8 42.701199
10 1 8 41.990504
10 1 8 42.649796
10 1 8 42.612393
10 1 8 42.450266
10 1 8 42.405531
10 1 8 42.541920
10 1 8 40.116840
10 1 8 39.271624
10 1 8 41.136468
10 2 1 37.790128
10 2 1 37.684269
10 2 1 37.684314
10 2 1 38.065033
10 2 1 37.560311
10 2 1 37.800091
10 2 1 37.751253
10 2 1 37.296730
10 2 1 38.229991
10 2 1 38.291974
10 4 1 37.893014
10 4 1 38.532582
10 4 1 38.523031
10 4 1 37.054572
10 4 1 37.775466
10 4 1 36.977443
10 4 1 37.327480
10 4 1 36.986265
10 4 1 37.182302
10 4 1 38.357135
10 8 1 37.195398
10 8 1 37.546653
10 8 1 36.487560
10 8 1 35.583286
10 8 1 35.117570
10 8 1 36.621629
10 8 1 36.382181
10 8 1 35.668087
10 8 1 35.587226
10 8 1 36.032198
100 1 1 36.492612
100 1 1 35.660315
100 1 1 35.096393
100 1 1 36.435415
100 1 1 35.389027
100 1 1 35.699961
100 1 1 36.295365
100 1 1 37.650368
100 1 1 36.488646
100 1 1 36.521082
100 1 2 36.486411
100 1 2 36.341890
100 1 2 36.262281
100 1 2 36.575582
100 1 2 36.189164
100 1 2 36.832467
100 1 2 35.435495
100 1 2 35.645470
100 1 2 37.487538
100 1 2 37.849298
100 1 4 37.056515
100 1 4 36.495799
100 1 4 36.976872
100 1 4 36.379355
100 1 4 38.184510
100 1 4 36.163851
100 1 4 36.316905
100 1 4 36.923472
100 1 4 37.044753
100 1 4 36.119669
100 1 8 38.966963
100 1 8 38.490615
100 1 8 38.764870
100 1 8 37.081277
100 1 8 38.414485
100 1 8 37.473081
100 1 8 38.315257
100 1 8 39.238401
100 1 8 38.886289
100 1 8 38.144190
100 2 1 36.593462
100 2 1 35.658085
100 2 1 35.689653
100 2 1 35.229440
100 2 1 36.443889
100 2 1 36.865620
100 2 1 36.240525
100 2 1 37.072527
100 2 1 36.701159
100 2 1 36.620468
100 4 1 37.199279
100 4 1 36.016053
100 4 1 36.174181
100 4 1 37.786299
100 4 1 36.163581
100 4 1 36.668576
100 4 1 36.781751
100 4 1 36.592293
100 4 1 36.098978
100 4 1 36.910842
100 8 1 36.691597
100 8 1 37.014492
100 8 1 37.621061
100 8 1 36.719918
100 8 1 36.750142
100 8 1 35.980035
100 8 1 36.105674
100 8 1 37.032894
100 8 1 36.701996
100 8 1 36.216016
1000 1 1 37.079553
1000 1 1 36.583500
1000 1 1 36.518522
1000 1 1 36.244237
1000 1 1 36.671738
1000 1 1 37.629909
1000 1 1 36.570386
1000 1 1 35.675952
1000 1 1 36.141655
1000 1 1 36.538836
1000 1 2 36.845656
1000 1 2 35.120736
1000 1 2 36.097994
1000 1 2 35.906970
1000 1 2 36.354612
1000 1 2 36.626924
1000 1 2 35.721945
1000 1 2 35.641372
1000 1 2 36.178871
1000 1 2 35.619739
1000 1 4 38.994319
1000 1 4 37.944545
1000 1 4 37.476342
1000 1 4 37.972744
1000 1 4 36.726230
1000 1 4 36.668582
1000 1 4 36.592350
1000 1 4 37.370129
1000 1 4 36.575416
1000 1 4 38.727634
1000 1 8 37.803402
1000 1 8 39.177766
1000 1 8 40.265046
